Simulation: phi2_m1_vr01_k2_2
=============================
Trajectory #2
Input:
-0.28098
0.60719
-0.48831
-0.09321
-0.27418
0.021232
-0.55108
-0.023714
-0.3158
0.81834
0.15273
-0.61919
-0.63893
-0.38802
-0.22792
0.17446
-0.44665
-0.67247
0.17748
0.087125
-0.74387
Output:
10.706
22.71
26.018
34.955
33.108
32.235
30.493
26.508
27.053
28.967
32.456
37.768
48.445
57.649
59.978
59.27
57.592
55.088
52.314
50.034
48.801
48.677
49.021
49.521
50.068
50.625
51.264
51.897
52.445
52.892
53.253
53.403
53.407
53.346
53.263
53.171
53.171
53.228
53.306
53.392
53.481
53.4
53.222
53.017
52.811
52.616
52.622
52.736
52.892
53.069
53.257
53.465
53.687
53.919
54.163
54.421
54.589
54.697
54.783
54.86
54.934
54.964
54.963
54.948
54.926
54.9
54.882
54.868
54.853
54.836
54.815
54.76
54.685
54.602
54.518
54.433
54.473
54.584
54.722
54.873
55.036
55.155
55.246
55.329
55.412
55.497
55.414
55.219
54.992
54.771
54.561
54.476
54.459
54.464
54.478
54.493
54.603
54.77
54.968
55.191
55.444
-----------------------------
Trajectory #4
Input:
-0.52605
0.20971
-0.21787
-0.095802
0.28548
-0.13312
-0.76471
0.40714
0.28581
-0.059787
-0.8551
0.97093
0.42553
0.71196
0.88221
0.62002
-0.76657
-0.49679
-0.0052917
0.73632
0.80958
Output:
10.371
20.696
23.406
30.967
35.228
35.468
34.987
34.41
31.578
32.793
33.979
34.772
36.521
42.292
51.279
57.498
59.209
58.678
57.37
56.072
54.185
51.796
50.209
49.661
49.825
50.346
51.028
51.731
52.37
52.915
53.374
53.496
53.374
53.162
52.931
52.7
52.612
52.606
52.628
52.657
52.688
52.744
52.813
52.888
52.966
53.044
53.176
53.342
53.527
53.728
53.947
53.814
53.478
53.096
52.721
52.37
52.275
52.307
52.383
52.477
52.58
52.603
52.581
52.545
52.506
52.467
52.441
52.424
52.411
52.402
52.396
52.44
52.512
52.597
52.691
52.791
53.024
53.333
53.677
54.045
54.451
54.654
54.723
54.737
54.736
54.728
54.688
54.627
54.56
54.489
54.417
54.312
54.189
54.058
53.924
53.786
53.727
53.707
53.698
53.692
53.684
-----------------------------
Trajectory #16
Input:
-0.31513
2.9227
-0.91723
-1.8374
-0.075126
-0.85311
0.28364
-0.56279
-2.1829
0.66703
-0.028559
0.51434
-0.26601
-2.0458
-1.9539
-1.0595
-2.77
0.42287
0.32318
-0.60316
-1.7038
Output:
10.688
22.929
27.504
34.655
33.791
32.01
28.772
26.976
23.317
19.797
22.325
33.421
45.102
53.379
57.059
56.907
55.948
54.847
53.56
51.958
50.139
49.539
50.196
51.102
51.972
52.758
53.159
53.224
53.142
53.017
52.871
52.932
53.114
53.336
53.573
53.823
54.208
54.735
55.389
56.124
56.873
56.935
56.285
55.223
54.232
53.484
53.281
53.353
53.516
53.709
53.914
53.974
53.952
53.902
53.842
53.777
53.866
54.035
54.229
54.431
54.639
55.001
55.517
56.199
57.048
58.005
58.684
59.058
59.258
59.375
59.452
59.383
59.159
58.813
58.367
57.839
57.786
58.278
59.033
59.809
60.481
60.48
59.865
58.688
57.073
55.533
54.786
54.519
54.411
54.357
54.329
54.418
54.576
54.767
54.984
55.23
55.543
55.936
56.419
56.993
57.638
-----------------------------
Trajectory #17
Input:
-0.92137
2.7853
-2.4898
-1.9969
0.44674
0.69235
-2.2884
-1.1173
-2.8802
0.57478
-1.1856
-0.14669
-0.62711
-1.5081
0.2478
-2.5768
-3.7789
-1.6613
0.062353
-0.65524
-4.0664
Output:
9.2411
18.551
21.87
30.501
35.364
34.83
34.464
33.373
35.016
38.76
41.432
41.005
43.534
50.873
59.211
62.831
62.932
62.252
61.376
59.844
57.835
55.999
54.481
53.184
51.919
51.353
51.71
52.52
53.567
54.786
56.034
56.686
56.808
56.61
56.227
55.726
55.677
56.09
56.7
57.322
57.877
57.806
57.162
55.994
54.595
53.424
53.08
53.195
53.49
53.888
54.389
54.523
54.356
54.067
53.768
53.494
53.418
53.459
53.546
53.653
53.771
53.955
54.196
54.484
54.816
55.19
55.119
54.676
54.131
53.649
53.238
53.383
53.89
54.666
55.672
56.754
57.585
58.195
58.666
59.048
59.363
59.344
59.14
58.856
58.479
57.948
57.275
56.479
55.664
54.973
54.439
54.297
54.374
54.533
54.732
54.958
55.696
56.932
58.391
59.791
60.941
-----------------------------
Trajectory #32
Input:
-1.7725
0.15425
0.59048
-2.415
-1.333
0.17419
-2.1016
0.52499
-0.057229
0.94911
0.82875
-0.2243
-1.4927
-0.10505
0.11305
-1.1269
0.27913
-3.1125
0.77722
0.16847
0.11441
Output:
7.6549
12.959
17.672
22.95
30.912
36.722
36.236
37.28
37.009
35.13
32.763
38.016
41.849
43.738
45.111
46.648
50.382
56.023
59.873
62.027
62.135
60.996
59.658
58.445
57.307
56.154
55.654
56.149
57.233
58.394
59.028
58.266
57.051
55.738
54.515
53.611
53.258
53.175
53.177
53.212
53.271
53.16
52.949
52.712
52.483
52.272
52.187
52.165
52.166
52.177
52.194
52.31
52.481
52.678
52.89
53.113
53.375
53.673
54.015
54.415
54.884
54.941
54.644
54.212
53.799
53.442
53.255
53.157
53.091
53.034
52.981
53.094
53.308
53.573
53.881
54.24
54.227
53.961
53.626
53.302
52.997
53.237
53.865
54.821
55.972
57.1
57.289
56.674
55.419
54.053
52.991
52.62
52.575
52.633
52.728
52.84
52.901
52.934
52.958
52.98
53.003
-----------------------------
Trajectory #33
Input:
-2.3596
0.52935
0.48194
-3.0081
0.75569
0.5654
0.405
1.2244
0.17533
0.18064
0.2754
0.34565
-0.42463
0.29196
-0.18103
-0.38424
0.63551
0.67802
1.4021
0.52408
0.15221
Output:
7.5478
11.214
16.216
21.629
29.969
36.841
36.399
36.853
36.722
34.646
32.053
37.171
41.772
43.685
44.256
44.646
46.588
51.247
56.824
60.064
59.936
57.869
55.759
54.196
53.488
53.615
54.14
54.701
55.145
55.441
55.583
55.253
54.107
52.972
52.352
51.992
51.966
52.093
52.274
52.476
52.688
52.792
52.831
52.844
52.849
52.85
52.841
52.825
52.807
52.788
52.769
52.753
52.738
52.723
52.709
52.695
52.771
52.9
53.052
53.215
53.387
53.385
53.283
53.146
53.001
52.854
52.838
52.894
52.978
53.072
53.172
53.244
53.3
53.351
53.4
53.449
53.354
53.179
52.979
52.776
52.578
52.487
52.453
52.439
52.432
52.428
52.357
52.252
52.135
52.008
51.873
51.919
52.055
52.23
52.423
52.626
52.783
52.916
53.044
53.172
53.304
-----------------------------
Trajectory #34
Input:
-1.8989
2.4421
-1.5302
0.7121
0.54838
0.64086
1.1315
1.1752
-1.7594
-0.19997
-1.9906
1.2683
0.46109
-0.73111
0.64357
-1.4409
-0.072592
0.44246
0.18576
0.060241
1.1417
Output:
7.5949
13.542
18.27
24.936
35.4
35.291
35.012
35.384
34.483
34.721
40.585
44.959
45.377
45.849
46.359
47.311
49.774
52.349
53.733
54.675
55.377
55.296
54.261
52.88
51.663
50.489
49.921
50.034
50.427
50.822
51.102
51.316
51.466
51.564
51.629
51.67
52.02
52.53
53.147
53.905
54.863
55.241
55.06
54.577
54.046
53.591
53.602
53.914
54.406
55.038
55.754
55.671
54.846
53.838
52.996
52.304
52.101
52.12
52.209
52.329
52.466
52.656
52.881
53.128
53.392
53.678
53.646
53.429
53.156
52.877
52.606
52.703
53.013
53.428
53.934
54.569
54.732
54.507
54.129
53.756
53.428
53.226
53.092
52.981
52.879
52.784
52.777
52.82
52.883
52.955
53.034
53.103
53.169
53.236
53.306
53.38
53.318
53.185
53.033
52.881
52.735
-----------------------------
Trajectory #35
Input:
-2.8097
0.706
1.2015
0.44391
0.47005
0.17943
0.10857
1.3006
-1.9582
-0.83359
1.0206
0.53579
1.7201
-0.61396
0.39987
2.2117
5.3667
3.809
1.5639
0.83557
5.5208
Output:
7.6081
10.461
15.292
21.052
29.575
36.889
36.334
36.641
36.141
32.557
31.388
34.386
36.248
37.235
36.827
37.807
41.822
48.417
53.539
56.038
56.382
55.876
55.209
54.252
53.092
52.622
52.609
52.729
52.863
52.972
53.047
52.942
52.729
52.486
52.243
51.994
52.228
52.723
53.383
54.244
55.329
55.875
55.894
55.59
55.138
54.658
54.122
53.612
53.158
52.744
52.363
52.245
52.254
52.308
52.379
52.461
52.375
52.203
51.995
51.762
51.507
51.664
52
52.408
52.863
53.368
53.496
53.396
53.217
53.018
52.818
52.54
52.234
51.911
51.529
51.101
50.289
49.033
47.68
46.104
43.602
41.843
40.451
39.675
39.865
41.506
44.677
47.553
49.444
50.698
51.571
52.074
52.415
52.691
52.937
53.167
52.713
51.738
50.135
48.326
45.691
-----------------------------
Trajectory #36
Input:
-3.6484
1.6496
0.31611
-0.082542
0.29693
0.514
0.84731
2.321
-1.9865
-1.9458
1.4308
0.808
2.2523
0.097332
-0.71131
2.1249
6.3012
0.40281
0.52334
0.779
4.4873
Output:
7.7806
9.9084
14.386
21.058
30.866
36.658
35.742
36.158
34.686
32.136
37.335
40.666
42.149
42.659
43.184
45.605
50.407
55.807
58.497
58.808
57.743
56.241
54.799
53.299
52.121
51.814
51.854
51.937
51.998
52.031
52.036
51.889
51.643
51.343
51.008
50.62
51.073
51.781
52.596
53.585
54.874
55.728
56.164
56.346
56.418
56.454
55.922
54.855
53.76
52.89
52.178
51.945
51.919
51.966
52.047
52.148
52.044
51.825
51.548
51.237
50.886
51.041
51.38
51.773
52.182
52.608
52.905
53.131
53.333
53.531
53.738
53.49
53.008
52.482
51.975
51.364
50.254
48.593
46.754
43.817
38.966
36.383
36.926
41.187
47.108
50.583
52.079
52.69
52.941
53.059
53.131
53.172
53.197
53.217
53.234
53.248
52.852
52.175
51.177
49.754
48.269
-----------------------------
Trajectory #38
Input:
-3.6157
2.4106
0.58915
-0.81605
-0.43159
1.189
1.7017
1.5687
-2.6581
-2.2628
0.80119
0.69197
1.4918
0.50227
-1.0359
2.1981
0.32851
0.46291
-0.012989
-0.041051
5.1848
Output:
7.7731
9.9625
14.993
21.706
32.281
36.257
35.418
35.539
33.369
32.912
36.249
38.311
40.311
42.567
47.105
54.411
59.615
61.057
61.051
60.156
58.934
57.461
55.21
52.92
51.625
51.063
50.936
50.981
51.04
51.059
51.037
51.073
51.132
51.192
51.248
51.3
51.802
52.514
53.416
54.623
55.998
56.8
57.133
57.226
57.217
57.169
56.719
55.792
54.621
53.615
52.832
52.496
52.386
52.354
52.348
52.355
52.275
52.151
52.008
51.85
51.682
51.716
51.847
52.017
52.201
52.393
52.65
52.95
53.279
53.64
54.052
53.826
53.26
52.635
52.047
51.349
51.305
51.534
51.859
52.223
52.61
52.794
52.866
52.9
52.922
52.944
53.035
53.168
53.317
53.475
53.637
53.749
53.834
53.91
53.983
54.053
53.495
52.604
51.225
49.286
46.996
-----------------------------
Trajectory #40
Input:
0.90932
5.6186
-3.3191
-4.3817
-1.0703
1.6523
-1.3875
-0.64239
-6.9723
-2.2536
0.88105
0.041956
-0.29872
-1.8382
-1.588
-1.8862
-4.9455
-2.5881
-1.0102
0.38005
-0.17621
Output:
6.364
17.525
15.947
13.065
13.89
14.88
15.589
17.673
20.428
23.355
26.807
29.271
32.062
35.902
40.281
44.255
47.481
49.694
51.339
52.846
53.7
53.645
53.216
52.724
52.198
51.616
51.84
52.424
53.079
53.741
54.513
54.895
54.94
54.825
54.663
54.509
55.421
57.038
58.561
59.363
59.948
59.94
59.581
59.108
58.544
57.765
56.772
55.466
54.048
52.951
52.275
52.397
52.878
53.385
53.794
54.104
54.294
54.421
54.525
54.62
54.715
54.976
55.38
55.919
56.603
57.412
57.974
58.248
58.346
58.356
58.321
58.36
58.492
58.676
58.878
59.082
59.659
60.485
61.271
61.885
62.314
62.3
62.081
61.802
61.488
61.112
60.728
60.307
59.8
59.152
58.331
57.421
56.572
55.894
55.372
54.923
54.732
54.691
54.714
54.772
54.854
-----------------------------
Trajectory #46
Input:
-0.53471
0.50256
0.333
-3.2295
-5.1085
1.514
-4.3486
0.84602
-0.94537
2.0915
3.8603
0.35157
-3.097
0.48256
-1.3401
1.7355
0.25356
2.5515
1.4036
2.4531
1.7709
Output:
10.351
20.708
23.414
31.322
35.174
35.407
34.706
33.739
31.255
31.608
30.533
30.622
34.267
46.536
57.998
61.578
61.562
61.361
61.591
61.265
60.061
58.997
58.649
58.044
55.935
51.607
49.513
50.212
52.26
54.498
56.36
56.938
56.805
56.192
54.829
53.143
52.549
52.672
53.018
53.447
53.948
53.796
53.246
52.612
52.022
51.36
50.731
50.054
49.241
48.372
47.546
48.032
49.215
50.381
51.313
52.106
52.866
53.703
54.751
55.962
57.144
57.399
56.903
55.802
54.48
53.418
53.197
53.405
53.774
54.246
54.84
54.702
54.096
53.432
52.822
52.274
52.243
52.448
52.747
53.091
53.457
53.387
53.081
52.699
52.249
51.712
51.722
51.933
52.199
52.479
52.763
52.758
52.607
52.398
52.159
51.895
51.906
52.026
52.177
52.339
52.503
-----------------------------
Simulation: phi2_m1_vr01_k2_2
=============================
Trajectory #2
Input:
-0.28098
0.60719
-0.48831
-0.09321
-0.27418
0.021232
-0.55108
-0.023714
-0.3158
0.81834
0.15273
-0.61919
-0.63893
-0.38802
-0.22792
0.17446
-0.44665
-0.67247
0.17748
0.087125
-0.74387
Output:
10.706
22.71
26.018
34.955
33.108
32.235
30.493
26.508
27.053
28.967
32.456
37.768
48.445
57.649
59.978
59.27
57.592
55.088
52.314
50.034
48.801
48.677
49.021
49.521
50.068
50.625
51.264
51.897
52.445
52.892
53.253
53.403
53.407
53.346
53.263
53.171
53.171
53.228
53.306
53.392
53.481
53.4
53.222
53.017
52.811
52.616
52.622
52.736
52.892
53.069
53.257
53.465
53.687
53.919
54.163
54.421
54.589
54.697
54.783
54.86
54.934
54.964
54.963
54.948
54.926
54.9
54.882
54.868
54.853
54.836
54.815
54.76
54.685
54.602
54.518
54.433
54.473
54.584
54.722
54.873
55.036
55.155
55.246
55.329
55.412
55.497
55.414
55.219
54.992
54.771
54.561
54.476
54.459
54.464
54.478
54.493
54.603
54.77
54.968
55.191
55.444
-----------------------------
Trajectory #3
Input:
-3.6529
3.4877
-7.3244
-2.7556
-1.9211
0.3639
-6.7664
0.7107
0.33146
1.1105
4.2258
0.54327
-1.9637
3.2325
0.91481
-4.2795
0.39455
-3.8036
-0.18063
-0.70073
1.201
Output:
7.7816
10.047
15.614
22.663
34.635
35.466
34.916
35.339
35.603
40.479
43.884
44.445
45.225
46.618
47.826
47.986
48.364
49.331
50.112
50.688
51.332
52.425
54.118
55.754
56.599
56.436
56.599
57.029
57.341
57.634
58.121
58.183
57.877
57.375
56.709
55.041
53.019
52.316
52.466
52.742
52.931
52.89
52.71
52.493
52.284
52.092
51.615
50.902
49.854
48.505
47.147
47.409
48.515
49.849
50.93
51.805
52.476
53.082
53.716
54.473
55.376
55.058
53.887
52.679
51.564
49.89
49.74
50.201
50.759
51.28
51.764
52.539
53.603
55.072
56.659
58.095
58.369
57.904
56.909
55.338
53.77
53.562
54.243
55.449
56.826
58.116
58.435
58.082
57.289
56.041
54.628
53.983
53.871
53.935
54.053
54.196
54.027
53.686
53.31
52.942
52.6
-----------------------------
Trajectory #4
Input:
-0.52605
7.0698
-16.513
-2.1869
1.9037
-1.0162
-9.6677
0.54831
0.28581
-0.066637
4.6645
0.77331
-0.60377
6.5325
3.6207
-11.498
0.56374
-11.43
-2.0817
-4.4854
0.80958
Output:
10.371
21.798
28.473
34.945
32.149
24.268
20.355
22.625
41.277
51.565
53.275
55.062
56.705
58.732
61.801
61.943
60.815
59.615
58.455
55.929
51.676
49.153
48.89
49.964
51.344
52.752
54.865
57.193
58.996
59.993
60.71
61.274
60.859
60.024
59.233
57.08
54.636
53.455
53.104
52.995
52.957
52.964
52.998
53.049
53.112
53.184
52.687
51.895
50.656
48.839
46.821
46.932
47.985
49.489
50.787
51.827
52.473
52.937
53.334
53.713
54.102
53.448
52.205
49.968
47.189
41.612
37.772
35.572
35.066
36.136
38.634
46.082
52.963
58.133
62.013
63.018
63.778
63.741
63.567
62.516
59.953
59.143
60.566
62.486
63.526
63.878
64.211
64.353
64.281
63.708
62.628
62.198
62.219
62.382
62.578
62.806
62.668
62.176
61.183
59.216
56.569
-----------------------------
Trajectory #6
Input:
-0.97514
9.912
-19.903
-5.0219
0.41297
-1.3272
0.51952
-1.8354
-3.2219
-0.26599
3.1607
0.30243
-1.6101
0.024636
0.062261
-15.85
-4.1151
-13.953
-0.79741
-6.1859
-4.3602
Output:
9.0784
18.856
25.095
34.261
31.128
20.21
15.896
19.882
40.182
49.73
52.37
50.42
48.293
48.785
52.371
58.782
63.735
64.813
62.941
60.092
57.149
54.642
52.082
50.279
50.231
51.374
52.553
53.089
52.9
52.432
52.082
52.368
53.016
53.812
54.744
55.791
56.722
57.492
58.146
58.717
59.214
59.236
58.881
58.205
57.13
55.767
54.493
53.481
52.639
51.794
50.635
50.898
51.559
52.249
52.933
53.61
54.167
54.677
55.231
55.914
56.77
57.096
56.83
56.22
55.549
54.982
54.722
54.632
54.597
54.577
54.561
57.109
60.895
63.384
63.54
63.157
64.113
64.248
63.916
63.995
63.866
63.736
63.877
64.045
64.099
63.903
64.702
64.845
64.777
64.181
62.61
62.063
62.235
62.612
62.995
63.354
63.533
63.566
63.515
63.421
63.304
-----------------------------
Trajectory #7
Input:
-0.68106
2.1569
-0.67324
0.1311
-2.2005
-0.082256
11.459
1.4161
-3.9438
0.2583
-0.45444
-1.3686
-1.6523
-0.073419
-4.5561
-1.8436
0.21911
-1.0439
1.9135
-0.69887
-6.2244
Output:
9.9718
20.048
22.939
32.198
35.133
34.424
33.932
32.611
35.148
37.473
37.935
38.758
40.752
46.23
53.36
57.295
58.705
59.636
60.214
59.887
58.701
57.232
56.243
55.397
54.397
53.083
49.287
44.628
36.981
30.093
26.738
25.654
25.165
24.804
26.11
31.917
38.969
46.015
50.605
53.881
56.251
57.154
57.16
56.418
55.048
53.679
53.168
53.113
53.199
53.33
53.48
53.671
53.897
54.158
54.457
54.8
55.073
55.282
55.46
55.627
55.793
55.625
55.156
54.583
54.07
53.653
54.049
55.151
56.595
58.049
59.315
59.636
59.435
59.079
58.664
58.111
57.406
56.526
55.578
54.77
54.158
54.051
54.225
54.514
54.876
55.315
55.118
54.531
53.887
53.265
52.683
52.787
53.192
53.707
54.269
54.897
56.254
58.153
60.134
61.746
62.771
-----------------------------
Trajectory #8
Input:
-1.9866
1.8597
0.73871
-3.1425
-2.8671
-2.1342
15.062
1.8209
-7.6562
-0.31998
2.0364
0.38104
0.25755
-3.1433
-8.0024
1.012
-0.040682
1.6373
2.6808
0.27367
-3.9504
Output:
7.569
12.928
17.82
23.99
33.673
35.656
35.268
35.613
33.676
33.228
37.167
39.413
41.943
45.374
50.762
59.018
62.841
62.96
62.309
61.916
61.736
61.603
61.346
60.885
60.184
58.94
55.615
47.301
36.087
28.881
25.925
25.032
24.941
24.776
24.802
29.161
35.569
43.998
50.638
54.941
57.838
58.329
57.929
57.524
57.049
55.537
54.019
53.095
52.463
51.947
51.387
51.344
51.527
51.792
52.089
52.402
52.564
52.642
52.688
52.723
52.753
53.149
53.837
54.818
55.977
57.1
58.217
59.146
59.653
59.918
60.248
60.138
59.367
58.543
57.281
54.726
53.219
52.824
52.811
52.922
53.089
52.973
52.703
52.398
52.103
51.784
51.496
51.236
50.977
50.693
50.364
50.695
51.212
51.752
52.294
52.844
53.637
54.736
56.183
57.743
59.212
-----------------------------
Trajectory #9
Input:
-2.0193
1.0987
0.11407
-2.409
-2.1386
-2.8093
14.208
0.93003
-6.9846
0.53236
2.666
0.49707
1.0181
-3.4109
-7.6778
0.67143
-0.3832
1.5772
3.2171
1.0937
-4.6479
Output:
7.562
12.445
17.391
23.065
32.016
36.456
35.701
36.432
35.658
33.371
35.911
40.164
42.52
44.42
46.34
49.45
56.005
61.529
62.863
62.281
61.79
61.495
61.225
60.891
60.476
60.018
58.209
51.576
40.368
30.92
26.721
25.442
25.172
24.823
25.792
32.032
39.685
47.257
52.406
55.733
57.996
58.186
57.63
57.114
56.133
54.233
52.903
52.186
51.657
51.093
50.444
50.559
50.932
51.354
51.778
52.201
52.344
52.34
52.28
52.2
52.112
52.53
53.282
54.386
55.766
57.145
58.323
59.19
59.614
59.815
60.105
59.811
59.135
58.488
57.423
55.029
53.594
53.241
53.257
53.387
53.57
53.417
53.075
52.685
52.313
51.965
51.592
51.193
50.75
50.197
49.511
49.792
50.441
51.097
51.687
52.238
53.195
54.502
56.303
58.298
60.181
-----------------------------
Trajectory #10
Input:
-4.5842
0.39758
-1.1228
-3.9795
-4.9804
-1.3496
2.0152
0.043614
-6.4182
2.5542
4.7797
2.0909
-2.1806
-0.53706
-0.85028
-1.5314
-0.63905
2.2254
0.20949
1.4652
-0.26249
Output:
8.0087
9.8644
12.133
19.379
28.237
36.212
36.456
36.819
36.352
34.366
32.123
35.234
40.397
44.393
44.423
43.993
44.981
47.483
51.102
55.136
56.825
56.358
55.738
55.418
55.29
55.03
54.546
53.648
51.935
49.902
48.72
49.55
51
52.351
53.504
54.564
56.273
57.887
58.905
59.794
60.322
59.465
58.285
57.026
54.852
51.891
49.985
48.745
47.688
46.616
45.24
45.45
46.384
47.489
48.728
49.89
50.964
51.906
52.823
53.891
55.228
55.856
55.82
55.362
54.736
54.142
53.902
53.88
53.937
54.019
54.111
54.267
54.477
54.726
55.008
55.317
55.361
55.166
54.859
54.535
54.241
53.743
53.164
52.596
52.081
51.487
51.492
51.772
52.155
52.586
53.047
53.149
53.054
52.897
52.724
52.541
52.703
53.034
53.427
53.84
54.264
-----------------------------
Trajectory #11
Input:
-2.5784
1.6732
-1.5038
-0.3365
-1.63
0.18777
-15.719
0.22958
-0.9357
3.7386
2.3017
2.2509
-2.8088
-0.40515
6.408
-4.0173
-3.9142
0.76804
-2.6197
0.41297
2.4334
Output:
7.5713
11.087
16.343
22.246
31.888
36.442
35.545
36.352
35.929
34.969
36.324
40.761
43.813
44.166
44.73
46.062
48.979
53.802
58.005
59.984
61.061
61.225
60.716
59.508
58.055
56.538
56.688
57.597
58.52
60.299
61.001
62.754
63
62.364
61.385
59.919
57.735
55.443
54.512
54.524
54.878
54.45
53.485
52.267
50.559
48.583
48.078
48.228
48.701
49.326
49.949
50.25
50.39
50.464
50.509
50.543
51.22
52.088
53.101
54.447
56.006
56.673
56.59
55.997
55.101
54.197
52.987
51.609
49.261
46.332
40.686
40.008
44.891
49.386
52.591
55.514
57.135
58.012
58.419
58.569
58.603
58.237
57.616
56.493
54.87
53.397
53.129
53.527
54.273
55.332
56.53
56.877
56.416
55.391
54.281
53.41
52.826
52.387
52.018
51.587
51.078
-----------------------------
Trajectory #14
Input:
-4.423
6.1289
-6.5675
-2.7328
0.66105
1.9719
0.15762
-0.75578
-10.119
0.78522
4.7796
3.71
-3.7332
-0.32383
4.3363
-0.73886
-4.0656
0.72203
0.69952
-1.0861
8.3774
Output:
7.9678
9.993
16.209
25.659
35.697
34.321
31.292
28.607
34.321
42.361
46.607
52.685
57.32
58.918
59.156
59.3
59.681
60.433
60.608
59.477
57.537
55.395
53.74
52.536
51.296
50.467
50.567
51.019
51.521
51.996
52.445
52.782
53.054
53.302
53.546
53.802
55.368
57.48
59.288
60.403
61.101
61.725
61.221
60.009
58.722
56.207
53.44
51.474
49.778
48.101
46.19
45.484
45.492
45.866
46.368
46.882
48.99
50.923
52.672
54.768
56.97
57.898
57.929
57.346
56.246
54.914
53.683
52.655
51.614
50.052
48.248
48.729
50.275
51.687
52.941
54.179
55.389
56.764
58.225
59.611
60.776
60.949
60.416
59.266
57.369
55.274
54.258
53.947
53.854
53.822
53.812
54.021
54.351
54.738
55.193
55.76
54.734
52.708
49.439
44.142
36.73
-----------------------------
Trajectory #15
Input:
-11.785
7.8799
-8.0115
-4.5966
3.662
0.59895
8.3062
0.57826
0.26123
-3.9084
5.3323
0.36289
-0.28883
2.0936
0.24605
1.2444
1.5781
0.59763
0.57419
-4.0201
17.821
Output:
9.1929
11.428
11.246
22.616
34.042
31.192
24.368
19.414
19.579
34.568
52.028
57.096
58.136
57.784
57.673
57.627
57.477
56.989
55.012
49.879
44.703
44.575
46.273
48.251
49.884
51.117
50.673
48.432
45.052
38.397
31.887
29.125
27.613
28.17
32.69
39.652
46.318
49.975
51.738
52.502
52.847
53.502
54.523
55.902
57.386
58.769
58.524
56.45
53.64
50.56
46.939
46.902
48.223
50.109
51.656
52.953
53.635
53.996
54.237
54.439
54.631
54.435
54.033
53.568
53.089
52.589
52.621
52.898
53.258
53.645
54.039
54.094
53.968
53.784
53.582
53.376
53.25
53.162
53.084
53.007
52.929
53.019
53.191
53.39
53.596
53.805
53.898
53.931
53.945
53.953
53.96
54.522
55.584
57.16
58.97
60.654
58.313
50.948
39.374
30.99
27.308
-----------------------------
Trajectory #16
Input:
-0.31513
2.9227
-0.91723
-1.8374
-0.075126
-0.85311
0.28364
-0.56279
-2.1829
0.66703
-0.028559
0.51434
-0.26601
-2.0458
-1.9539
-1.0595
-2.77
0.42287
0.32318
-0.60316
-1.7038
Output:
10.688
22.929
27.504
34.655
33.791
32.01
28.772
26.976
23.317
19.797
22.325
33.421
45.102
53.379
57.059
56.907
55.948
54.847
53.56
51.958
50.139
49.539
50.196
51.102
51.972
52.758
53.159
53.224
53.142
53.017
52.871
52.932
53.114
53.336
53.573
53.823
54.208
54.735
55.389
56.124
56.873
56.935
56.285
55.223
54.232
53.484
53.281
53.353
53.516
53.709
53.914
53.974
53.952
53.902
53.842
53.777
53.866
54.035
54.229
54.431
54.639
55.001
55.517
56.199
57.048
58.005
58.684
59.058
59.258
59.375
59.452
59.383
59.159
58.813
58.367
57.839
57.786
58.278
59.033
59.809
60.481
60.48
59.865
58.688
57.073
55.533
54.786
54.519
54.411
54.357
54.329
54.418
54.576
54.767
54.984
55.23
55.543
55.936
56.419
56.993
57.638
-----------------------------
Trajectory #17
Input:
-0.92137
2.7853
-2.4898
-1.9969
0.44674
0.69235
-2.2884
-1.1173
-2.8802
0.57478
-1.1856
-0.14669
-0.62711
-1.5081
0.2478
-2.5768
-3.7789
-1.6613
0.062353
-0.65524
-4.0664
Output:
9.2411
18.551
21.87
30.501
35.364
34.83
34.464
33.373
35.016
38.76
41.432
41.005
43.534
50.873
59.211
62.831
62.932
62.252
61.376
59.844
57.835
55.999
54.481
53.184
51.919
51.353
51.71
52.52
53.567
54.786
56.034
56.686
56.808
56.61
56.227
55.726
55.677
56.09
56.7
57.322
57.877
57.806
57.162
55.994
54.595
53.424
53.08
53.195
53.49
53.888
54.389
54.523
54.356
54.067
53.768
53.494
53.418
53.459
53.546
53.653
53.771
53.955
54.196
54.484
54.816
55.19
55.119
54.676
54.131
53.649
53.238
53.383
53.89
54.666
55.672
56.754
57.585
58.195
58.666
59.048
59.363
59.344
59.14
58.856
58.479
57.948
57.275
56.479
55.664
54.973
54.439
54.297
54.374
54.533
54.732
54.958
55.696
56.932
58.391
59.791
60.941
-----------------------------
Trajectory #18
Input:
-13.589
5.0784
-8.1613
-7.5557
-3.0793
0.47235
4.4356
0.88697
0.09113
0.051975
9.7615
-1.0647
-4.8278
3.2248
0.045017
4.4199
4.3023
6.1712
1.8983
-1.261
19.521
Output:
9.3267
12.456
10.732
17.864
33.021
34.008
31.12
29.02
32.554
38.805
42.49
46.769
51.177
54.923
57.812
59.909
60.888
60.379
59.984
59.754
59.187
58.338
57.544
56.697
55.458
54.011
51.168
47.917
46.403
45.95
44.857
45.295
45.773
46.201
47.263
48.413
49.19
49.71
50.083
50.389
50.673
50.874
51.026
51.149
51.26
51.371
50.245
47.388
42.323
34.624
29.12
26.939
25.785
27.146
33.374
41.793
48.932
54.003
57.454
59.836
61.43
61.472
60.412
58.054
54.903
51.775
51.472
52.028
52.686
53.369
54.057
53.832
53.1
52.069
50.549
48.809
48.084
47.769
47.639
47.601
47.608
47.061
46.023
44.105
40.446
36.169
34.591
35.311
37.896
42.967
48.652
51.444
52.921
53.925
54.775
55.735
53.083
44.795
34.035
28.454
26.313
-----------------------------
Trajectory #19
Input:
-13.203
7.6866
-10.93
-8.6828
-2.6682
-0.19973
4.0594
-0.30277
-2.4676
0.092876
10.716
1.2873
-2.9606
2.589
-0.9587
-2.1187
5.1797
3.8711
-1.0517
-2.9716
19.56
Output:
9.3002
12.035
11.016
21.355
34.069
31.929
26.065
24.342
30.865
48.321
56.559
58.102
58.317
58.458
58.396
58.38
58.602
58.611
58.4
58.271
57.964
57.317
56.49
55.514
54.894
54.844
53.805
51.267
48.56
46.567
45.099
45.652
47.107
48.926
50.586
52.052
53.146
54.055
54.948
55.862
56.729
56.911
56.483
55.614
54.593
53.743
52.115
48.689
42.762
34.905
29.963
27.88
26.96
26.737
29.11
35.551
43.44
49.609
53.249
55.815
57.905
58.426
57.384
55.474
53.735
52.291
52.305
52.847
53.538
54.29
55.166
55.883
56.542
57.228
57.943
58.647
57.776
55.572
53.267
50.673
47.858
46.874
46.748
47.09
47.607
48.146
49.705
51.353
52.683
53.861
55.103
56.164
57.201
58.254
59.257
60.125
57.055
48.348
36.302
29.38
26.63
-----------------------------
Trajectory #20
Input:
-17.909
6.5148
-12.401
-4.9153
-6.34
-0.49863
23.499
0.3173
-6.8137
-0.71075
9.191
0.50593
-4.7651
0.50262
-5.4398
0.78439
-5.6633
1.8193
-2.0364
-5.2343
10.975
Output:
9.5722
13.589
10.595
15.132
31.273
33.564
31.14
30.125
36.365
40.876
45.452
50.756
54.69
56.637
58.065
58.948
59.29
59.801
60.853
62.137
62.902
63.523
64.07
64.345
64.009
63.049
55.46
39.286
31.471
28.734
27.775
24.897
23.285
21.67
20.273
23.956
28.216
32.672
38.129
43.73
47.978
50.15
51.815
53.048
53.314
52.355
50.277
47.184
43.124
35.707
29.931
27.691
26.646
27.007
30.599
37.149
45.014
50.598
54.881
58.198
60.726
61.504
61.21
60.285
58.558
56.223
55.621
56.847
58.895
60.931
62.378
62.457
61.834
60.774
58.885
56.304
55.573
56.8
58.943
61.088
62.554
62.533
61.745
60.287
57.775
54.712
53.759
54.062
54.764
55.78
57.205
58.759
60.159
61.254
62.031
62.528
61.459
58.027
50.973
41.475
33.032
-----------------------------
Trajectory #23
Input:
4.3913
1.6439
-8.3361
1.7307
-5.1596
-0.2892
41.68
2.7022
-3.4506
-3.8487
-1.1832
-2.0813
-2.3549
3.4436
1.1592
6.7396
-8.5207
1.1219
0.031954
1.106
7.8225
Output:
5.9246
10.798
11.38
12.995
15.086
17.645
20.467
25.227
30.744
36.601
42.059
45.409
47.993
49.696
50.684
50.272
51.504
53.191
55.188
57.253
59.064
59.612
59.41
58.794
57.663
55.872
41.718
29.679
26.517
28.035
27.815
27.676
26.459
24.106
24.235
27.11
30.493
34.216
37.143
40.685
45.355
49.36
52.294
54.439
56.14
57.385
58.083
58.314
58.186
57.694
56.726
55.922
55.631
55.717
56.002
56.366
56.668
56.888
57.059
57.198
57.256
56.116
53.66
51.359
49.635
47.518
47.1
47.604
48.352
49.072
49.726
49.18
47.324
44.714
40.3
34.235
36.058
43.725
52.068
57.33
61.457
62.434
62.168
61.445
59.741
56.61
54.507
53.923
53.925
54.082
54.284
54.248
54.08
53.872
53.652
53.431
52.469
50.322
47.694
42.425
35.751
-----------------------------
Trajectory #24
Input:
6.7908
4.3597
-12.268
2.6837
-4.3143
-0.37565
43.546
1.8897
0.63748
-5.6923
-1.6062
0.19437
0.39276
0.82869
0.26298
7.7164
0.58342
2.8026
0.77521
0.68433
9.4195
Output:
8.6118
11.034
11.789
13.251
14.275
14.946
18.599
22.909
28.285
34.694
41.243
45.35
48.306
50.321
51.427
49.722
50.77
52.444
54.208
56.242
58.275
59.048
58.958
58.395
57.334
55.764
41.185
29.281
26.73
28.107
27.798
27.703
26.64
24.115
24.26
28.145
31.068
33.636
35.561
36.737
37.627
39.283
42.469
47.107
51.591
54.743
56.56
57.688
58.26
58.286
57.718
56.745
55.541
54.366
53.495
52.93
52.724
52.68
52.681
52.69
52.699
52.676
52.633
52.581
52.524
52.461
52.522
52.645
52.783
52.924
53.062
52.155
50.178
46.518
39.992
32.739
29.993
29.629
32.184
37.105
43.66
49.72
52.509
53.376
53.38
52.941
53.166
53.62
54.108
54.586
55.043
55.261
55.352
55.4
55.436
55.467
54.354
51.547
47.149
40.238
34.14
-----------------------------
Trajectory #30
Input:
11.512
0.30064
-21.314
5.4615
-3.0233
-1.3027
107.34
5.1023
-8.5534
-12.061
0.64027
-4.096
-3.6731
0.56948
-5.5154
12.264
0.7778
0.25135
2.3397
0.5519
10.612
Output:
11.519
12.329
12.392
13.333
14.726
18.651
24.401
31.279
39.153
44.978
51.709
58.013
60.236
59.012
58.701
48.287
45.022
48.027
51.388
54.005
56.626
58.126
58.546
58.077
56.955
55.797
31.332
27.97
28.473
27.614
26.738
27.481
28.365
28.192
27.183
22.819
23.016
26.138
31.276
37.465
43.011
45.972
47.604
48.702
50.005
51.438
52.792
53.806
54.63
55.675
53.426
51.769
52.344
53.967
55.738
57.124
57.532
57.19
56.955
56.869
56.863
56.629
55.978
54.677
52.906
51.32
51.424
52.484
54.113
55.875
57.444
56.748
53.055
45.854
34.548
27.526
25.265
24.704
24.708
26.888
31.991
36.52
40.998
45.588
48.791
50.415
50.864
50.753
50.434
50.034
49.533
49.619
49.944
50.342
50.773
51.225
50.13
47.165
41.309
34.024
30.08
-----------------------------
Trajectory #32
Input:
-1.7725
0.15425
0.59048
-2.415
-1.333
0.17419
-2.1016
0.52499
-0.057229
0.94911
0.82875
-0.2243
-1.4927
-0.10505
0.11305
-1.1269
0.27913
-3.1125
0.77722
0.16847
0.11441
Output:
7.6549
12.959
17.672
22.95
30.912
36.722
36.236
37.28
37.009
35.13
32.763
38.016
41.849
43.738
45.111
46.648
50.382
56.023
59.873
62.027
62.135
60.996
59.658
58.445
57.307
56.154
55.654
56.149
57.233
58.394
59.028
58.266
57.051
55.738
54.515
53.611
53.258
53.175
53.177
53.212
53.271
53.16
52.949
52.712
52.483
52.272
52.187
52.165
52.166
52.177
52.194
52.31
52.481
52.678
52.89
53.113
53.375
53.673
54.015
54.415
54.884
54.941
54.644
54.212
53.799
53.442
53.255
53.157
53.091
53.034
52.981
53.094
53.308
53.573
53.881
54.24
54.227
53.961
53.626
53.302
52.997
53.237
53.865
54.821
55.972
57.1
57.289
56.674
55.419
54.053
52.991
52.62
52.575
52.633
52.728
52.84
52.901
52.934
52.958
52.98
53.003
-----------------------------
Trajectory #33
Input:
-2.3596
0.52935
0.48194
-3.0081
0.75569
0.5654
0.405
1.2244
0.17533
0.18064
0.2754
0.34565
-0.42463
0.29196
-0.18103
-0.38424
0.63551
0.67802
1.4021
0.52408
0.15221
Output:
7.5478
11.214
16.216
21.629
29.969
36.841
36.399
36.853
36.722
34.646
32.053
37.171
41.772
43.685
44.256
44.646
46.588
51.247
56.824
60.064
59.936
57.869
55.759
54.196
53.488
53.615
54.14
54.701
55.145
55.441
55.583
55.253
54.107
52.972
52.352
51.992
51.966
52.093
52.274
52.476
52.688
52.792
52.831
52.844
52.849
52.85
52.841
52.825
52.807
52.788
52.769
52.753
52.738
52.723
52.709
52.695
52.771
52.9
53.052
53.215
53.387
53.385
53.283
53.146
53.001
52.854
52.838
52.894
52.978
53.072
53.172
53.244
53.3
53.351
53.4
53.449
53.354
53.179
52.979
52.776
52.578
52.487
52.453
52.439
52.432
52.428
52.357
52.252
52.135
52.008
51.873
51.919
52.055
52.23
52.423
52.626
52.783
52.916
53.044
53.172
53.304
-----------------------------
Trajectory #34
Input:
-1.8989
2.4421
-1.5302
0.7121
0.54838
0.64086
1.1315
1.1752
-1.7594
-0.19997
-1.9906
1.2683
0.46109
-0.73111
0.64357
-1.4409
-0.072592
0.44246
0.18576
0.060241
1.1417
Output:
7.5949
13.542
18.27
24.936
35.4
35.291
35.012
35.384
34.483
34.721
40.585
44.959
45.377
45.849
46.359
47.311
49.774
52.349
53.733
54.675
55.377
55.296
54.261
52.88
51.663
50.489
49.921
50.034
50.427
50.822
51.102
51.316
51.466
51.564
51.629
51.67
52.02
52.53
53.147
53.905
54.863
55.241
55.06
54.577
54.046
53.591
53.602
53.914
54.406
55.038
55.754
55.671
54.846
53.838
52.996
52.304
52.101
52.12
52.209
52.329
52.466
52.656
52.881
53.128
53.392
53.678
53.646
53.429
53.156
52.877
52.606
52.703
53.013
53.428
53.934
54.569
54.732
54.507
54.129
53.756
53.428
53.226
53.092
52.981
52.879
52.784
52.777
52.82
52.883
52.955
53.034
53.103
53.169
53.236
53.306
53.38
53.318
53.185
53.033
52.881
52.735
-----------------------------
Trajectory #35
Input:
-2.8097
0.706
1.2015
0.44391
0.47005
0.17943
0.10857
1.3006
-1.9582
-0.83359
1.0206
0.53579
1.7201
-0.61396
0.39987
2.2117
5.3667
3.809
1.5639
0.83557
5.5208
Output:
7.6081
10.461
15.292
21.052
29.575
36.889
36.334
36.641
36.141
32.557
31.388
34.386
36.248
37.235
36.827
37.807
41.822
48.417
53.539
56.038
56.382
55.876
55.209
54.252
53.092
52.622
52.609
52.729
52.863
52.972
53.047
52.942
52.729
52.486
52.243
51.994
52.228
52.723
53.383
54.244
55.329
55.875
55.894
55.59
55.138
54.658
54.122
53.612
53.158
52.744
52.363
52.245
52.254
52.308
52.379
52.461
52.375
52.203
51.995
51.762
51.507
51.664
52
52.408
52.863
53.368
53.496
53.396
53.217
53.018
52.818
52.54
52.234
51.911
51.529
51.101
50.289
49.033
47.68
46.104
43.602
41.843
40.451
39.675
39.865
41.506
44.677
47.553
49.444
50.698
51.571
52.074
52.415
52.691
52.937
53.167
52.713
51.738
50.135
48.326
45.691
-----------------------------
Trajectory #36
Input:
-3.6484
1.6496
0.31611
-0.082542
0.29693
0.514
0.84731
2.321
-1.9865
-1.9458
1.4308
0.808
2.2523
0.097332
-0.71131
2.1249
6.3012
0.40281
0.52334
0.779
4.4873
Output:
7.7806
9.9084
14.386
21.058
30.866
36.658
35.742
36.158
34.686
32.136
37.335
40.666
42.149
42.659
43.184
45.605
50.407
55.807
58.497
58.808
57.743
56.241
54.799
53.299
52.121
51.814
51.854
51.937
51.998
52.031
52.036
51.889
51.643
51.343
51.008
50.62
51.073
51.781
52.596
53.585
54.874
55.728
56.164
56.346
56.418
56.454
55.922
54.855
53.76
52.89
52.178
51.945
51.919
51.966
52.047
52.148
52.044
51.825
51.548
51.237
50.886
51.041
51.38
51.773
52.182
52.608
52.905
53.131
53.333
53.531
53.738
53.49
53.008
52.482
51.975
51.364
50.254
48.593
46.754
43.817
38.966
36.383
36.926
41.187
47.108
50.583
52.079
52.69
52.941
53.059
53.131
53.172
53.197
53.217
53.234
53.248
52.852
52.175
51.177
49.754
48.269
-----------------------------
Trajectory #38
Input:
-3.6157
2.4106
0.58915
-0.81605
-0.43159
1.189
1.7017
1.5687
-2.6581
-2.2628
0.80119
0.69197
1.4918
0.50227
-1.0359
2.1981
0.32851
0.46291
-0.012989
-0.041051
5.1848
Output:
7.7731
9.9625
14.993
21.706
32.281
36.257
35.418
35.539
33.369
32.912
36.249
38.311
40.311
42.567
47.105
54.411
59.615
61.057
61.051
60.156
58.934
57.461
55.21
52.92
51.625
51.063
50.936
50.981
51.04
51.059
51.037
51.073
51.132
51.192
51.248
51.3
51.802
52.514
53.416
54.623
55.998
56.8
57.133
57.226
57.217
57.169
56.719
55.792
54.621
53.615
52.832
52.496
52.386
52.354
52.348
52.355
52.275
52.151
52.008
51.85
51.682
51.716
51.847
52.017
52.201
52.393
52.65
52.95
53.279
53.64
54.052
53.826
53.26
52.635
52.047
51.349
51.305
51.534
51.859
52.223
52.61
52.794
52.866
52.9
52.922
52.944
53.035
53.168
53.317
53.475
53.637
53.749
53.834
53.91
53.983
54.053
53.495
52.604
51.225
49.286
46.996
-----------------------------
Trajectory #40
Input:
0.90932
5.6186
-3.3191
-4.3817
-1.0703
1.6523
-1.3875
-0.64239
-6.9723
-2.2536
0.88105
0.041956
-0.29872
-1.8382
-1.588
-1.8862
-4.9455
-2.5881
-1.0102
0.38005
-0.17621
Output:
6.364
17.525
15.947
13.065
13.89
14.88
15.589
17.673
20.428
23.355
26.807
29.271
32.062
35.902
40.281
44.255
47.481
49.694
51.339
52.846
53.7
53.645
53.216
52.724
52.198
51.616
51.84
52.424
53.079
53.741
54.513
54.895
54.94
54.825
54.663
54.509
55.421
57.038
58.561
59.363
59.948
59.94
59.581
59.108
58.544
57.765
56.772
55.466
54.048
52.951
52.275
52.397
52.878
53.385
53.794
54.104
54.294
54.421
54.525
54.62
54.715
54.976
55.38
55.919
56.603
57.412
57.974
58.248
58.346
58.356
58.321
58.36
58.492
58.676
58.878
59.082
59.659
60.485
61.271
61.885
62.314
62.3
62.081
61.802
61.488
61.112
60.728
60.307
59.8
59.152
58.331
57.421
56.572
55.894
55.372
54.923
54.732
54.691
54.714
54.772
54.854
-----------------------------
Trajectory #46
Input:
-0.53471
0.50256
0.333
-3.2295
-5.1085
1.514
-4.3486
0.84602
-0.94537
2.0915
3.8603
0.35157
-3.097
0.48256
-1.3401
1.7355
0.25356
2.5515
1.4036
2.4531
1.7709
Output:
10.351
20.708
23.414
31.322
35.174
35.407
34.706
33.739
31.255
31.608
30.533
30.622
34.267
46.536
57.998
61.578
61.562
61.361
61.591
61.265
60.061
58.997
58.649
58.044
55.935
51.607
49.513
50.212
52.26
54.498
56.36
56.938
56.805
56.192
54.829
53.143
52.549
52.672
53.018
53.447
53.948
53.796
53.246
52.612
52.022
51.36
50.731
50.054
49.241
48.372
47.546
48.032
49.215
50.381
51.313
52.106
52.866
53.703
54.751
55.962
57.144
57.399
56.903
55.802
54.48
53.418
53.197
53.405
53.774
54.246
54.84
54.702
54.096
53.432
52.822
52.274
52.243
52.448
52.747
53.091
53.457
53.387
53.081
52.699
52.249
51.712
51.722
51.933
52.199
52.479
52.763
52.758
52.607
52.398
52.159
51.895
51.906
52.026
52.177
52.339
52.503
-----------------------------
