Simulation: phi2_m1_vr01_k2_2
=============================
Trajectory #2
Input:
-0.28098
0.60719
-0.48831
-0.09321
-0.27418
0.021232
-0.55108
-0.023714
-0.3158
0.81834
0.15273
-0.61919
-0.63893
-0.38802
-0.22792
0.17446
-0.44665
-0.67247
0.17748
0.087125
-0.74387
Output:
10.706
22.71
26.018
34.955
33.108
32.235
30.493
26.508
27.053
28.967
32.456
37.768
48.445
57.649
59.978
59.27
57.592
55.088
52.314
50.034
48.801
48.677
49.021
49.521
50.068
50.625
51.264
51.897
52.445
52.892
53.253
53.403
53.407
53.346
53.263
53.171
53.171
53.228
53.306
53.392
53.481
53.4
53.222
53.017
52.811
52.616
52.622
52.736
52.892
53.069
53.257
53.465
53.687
53.919
54.163
54.421
54.589
54.697
54.783
54.86
54.934
54.964
54.963
54.948
54.926
54.9
54.882
54.868
54.853
54.836
54.815
54.76
54.685
54.602
54.518
54.433
54.473
54.584
54.722
54.873
55.036
55.155
55.246
55.329
55.412
55.497
55.414
55.219
54.992
54.771
54.561
54.476
54.459
54.464
54.478
54.493
54.603
54.77
54.968
55.191
55.444
-----------------------------
Trajectory #4
Input:
-0.52605
0.20971
-0.21787
-0.095802
0.28548
-0.13312
-0.76471
0.40714
0.28581
-0.059787
-0.8551
0.97093
0.42553
0.71196
0.88221
0.62002
-0.76657
-0.49679
-0.0052917
0.73632
0.80958
Output:
10.371
20.696
23.406
30.967
35.228
35.468
34.987
34.41
31.578
32.793
33.979
34.772
36.521
42.292
51.279
57.498
59.209
58.678
57.37
56.072
54.185
51.796
50.209
49.661
49.825
50.346
51.028
51.731
52.37
52.915
53.374
53.496
53.374
53.162
52.931
52.7
52.612
52.606
52.628
52.657
52.688
52.744
52.813
52.888
52.966
53.044
53.176
53.342
53.527
53.728
53.947
53.814
53.478
53.096
52.721
52.37
52.275
52.307
52.383
52.477
52.58
52.603
52.581
52.545
52.506
52.467
52.441
52.424
52.411
52.402
52.396
52.44
52.512
52.597
52.691
52.791
53.024
53.333
53.677
54.045
54.451
54.654
54.723
54.737
54.736
54.728
54.688
54.627
54.56
54.489
54.417
54.312
54.189
54.058
53.924
53.786
53.727
53.707
53.698
53.692
53.684
-----------------------------
Trajectory #16
Input:
-0.31513
2.9227
-0.91723
-1.8374
-0.075126
-0.85311
0.28364
-0.56279
-2.1829
0.66703
-0.028559
0.51434
-0.26601
-2.0458
-1.9539
-1.0595
-2.77
0.42287
0.32318
-0.60316
-1.7038
Output:
10.688
22.929
27.504
34.655
33.791
32.01
28.772
26.976
23.317
19.797
22.325
33.421
45.102
53.379
57.059
56.907
55.948
54.847
53.56
51.958
50.139
49.539
50.196
51.102
51.972
52.758
53.159
53.224
53.142
53.017
52.871
52.932
53.114
53.336
53.573
53.823
54.208
54.735
55.389
56.124
56.873
56.935
56.285
55.223
54.232
53.484
53.281
53.353
53.516
53.709
53.914
53.974
53.952
53.902
53.842
53.777
53.866
54.035
54.229
54.431
54.639
55.001
55.517
56.199
57.048
58.005
58.684
59.058
59.258
59.375
59.452
59.383
59.159
58.813
58.367
57.839
57.786
58.278
59.033
59.809
60.481
60.48
59.865
58.688
57.073
55.533
54.786
54.519
54.411
54.357
54.329
54.418
54.576
54.767
54.984
55.23
55.543
55.936
56.419
56.993
57.638
-----------------------------
Trajectory #17
Input:
-0.92137
2.7853
-2.4898
-1.9969
0.44674
0.69235
-2.2884
-1.1173
-2.8802
0.57478
-1.1856
-0.14669
-0.62711
-1.5081
0.2478
-2.5768
-3.7789
-1.6613
0.062353
-0.65524
-4.0664
Output:
9.2411
18.551
21.87
30.501
35.364
34.83
34.464
33.373
35.016
38.76
41.432
41.005
43.534
50.873
59.211
62.831
62.932
62.252
61.376
59.844
57.835
55.999
54.481
53.184
51.919
51.353
51.71
52.52
53.567
54.786
56.034
56.686
56.808
56.61
56.227
55.726
55.677
56.09
56.7
57.322
57.877
57.806
57.162
55.994
54.595
53.424
53.08
53.195
53.49
53.888
54.389
54.523
54.356
54.067
53.768
53.494
53.418
53.459
53.546
53.653
53.771
53.955
54.196
54.484
54.816
55.19
55.119
54.676
54.131
53.649
53.238
53.383
53.89
54.666
55.672
56.754
57.585
58.195
58.666
59.048
59.363
59.344
59.14
58.856
58.479
57.948
57.275
56.479
55.664
54.973
54.439
54.297
54.374
54.533
54.732
54.958
55.696
56.932
58.391
59.791
60.941
-----------------------------
Trajectory #32
Input:
-1.7725
0.15425
0.59048
-2.415
-1.333
0.17419
-2.1016
0.52499
-0.057229
0.94911
0.82875
-0.2243
-1.4927
-0.10505
0.11305
-1.1269
0.27913
-3.1125
0.77722
0.16847
0.11441
Output:
7.6549
12.959
17.672
22.95
30.912
36.722
36.236
37.28
37.009
35.13
32.763
38.016
41.849
43.738
45.111
46.648
50.382
56.023
59.873
62.027
62.135
60.996
59.658
58.445
57.307
56.154
55.654
56.149
57.233
58.394
59.028
58.266
57.051
55.738
54.515
53.611
53.258
53.175
53.177
53.212
53.271
53.16
52.949
52.712
52.483
52.272
52.187
52.165
52.166
52.177
52.194
52.31
52.481
52.678
52.89
53.113
53.375
53.673
54.015
54.415
54.884
54.941
54.644
54.212
53.799
53.442
53.255
53.157
53.091
53.034
52.981
53.094
53.308
53.573
53.881
54.24
54.227
53.961
53.626
53.302
52.997
53.237
53.865
54.821
55.972
57.1
57.289
56.674
55.419
54.053
52.991
52.62
52.575
52.633
52.728
52.84
52.901
52.934
52.958
52.98
53.003
-----------------------------
Trajectory #33
Input:
-2.3596
0.52935
0.48194
-3.0081
0.75569
0.5654
0.405
1.2244
0.17533
0.18064
0.2754
0.34565
-0.42463
0.29196
-0.18103
-0.38424
0.63551
0.67802
1.4021
0.52408
0.15221
Output:
7.5478
11.214
16.216
21.629
29.969
36.841
36.399
36.853
36.722
34.646
32.053
37.171
41.772
43.685
44.256
44.646
46.588
51.247
56.824
60.064
59.936
57.869
55.759
54.196
53.488
53.615
54.14
54.701
55.145
55.441
55.583
55.253
54.107
52.972
52.352
51.992
51.966
52.093
52.274
52.476
52.688
52.792
52.831
52.844
52.849
52.85
52.841
52.825
52.807
52.788
52.769
52.753
52.738
52.723
52.709
52.695
52.771
52.9
53.052
53.215
53.387
53.385
53.283
53.146
53.001
52.854
52.838
52.894
52.978
53.072
53.172
53.244
53.3
53.351
53.4
53.449
53.354
53.179
52.979
52.776
52.578
52.487
52.453
52.439
52.432
52.428
52.357
52.252
52.135
52.008
51.873
51.919
52.055
52.23
52.423
52.626
52.783
52.916
53.044
53.172
53.304
-----------------------------
Trajectory #34
Input:
-1.8989
2.4421
-1.5302
0.7121
0.54838
0.64086
1.1315
1.1752
-1.7594
-0.19997
-1.9906
1.2683
0.46109
-0.73111
0.64357
-1.4409
-0.072592
0.44246
0.18576
0.060241
1.1417
Output:
7.5949
13.542
18.27
24.936
35.4
35.291
35.012
35.384
34.483
34.721
40.585
44.959
45.377
45.849
46.359
47.311
49.774
52.349
53.733
54.675
55.377
55.296
54.261
52.88
51.663
50.489
49.921
50.034
50.427
50.822
51.102
51.316
51.466
51.564
51.629
51.67
52.02
52.53
53.147
53.905
54.863
55.241
55.06
54.577
54.046
53.591
53.602
53.914
54.406
55.038
55.754
55.671
54.846
53.838
52.996
52.304
52.101
52.12
52.209
52.329
52.466
52.656
52.881
53.128
53.392
53.678
53.646
53.429
53.156
52.877
52.606
52.703
53.013
53.428
53.934
54.569
54.732
54.507
54.129
53.756
53.428
53.226
53.092
52.981
52.879
52.784
52.777
52.82
52.883
52.955
53.034
53.103
53.169
53.236
53.306
53.38
53.318
53.185
53.033
52.881
52.735
-----------------------------
Trajectory #35
Input:
-2.8097
0.706
1.2015
0.44391
0.47005
0.17943
0.10857
1.3006
-1.9582
-0.83359
1.0206
0.53579
1.7201
-0.61396
0.39987
2.2117
5.3667
3.809
1.5639
0.83557
5.5208
Output:
7.6081
10.461
15.292
21.052
29.575
36.889
36.334
36.641
36.141
32.557
31.388
34.386
36.248
37.235
36.827
37.807
41.822
48.417
53.539
56.038
56.382
55.876
55.209
54.252
53.092
52.622
52.609
52.729
52.863
52.972
53.047
52.942
52.729
52.486
52.243
51.994
52.228
52.723
53.383
54.244
55.329
55.875
55.894
55.59
55.138
54.658
54.122
53.612
53.158
52.744
52.363
52.245
52.254
52.308
52.379
52.461
52.375
52.203
51.995
51.762
51.507
51.664
52
52.408
52.863
53.368
53.496
53.396
53.217
53.018
52.818
52.54
52.234
51.911
51.529
51.101
50.289
49.033
47.68
46.104
43.602
41.843
40.451
39.675
39.865
41.506
44.677
47.553
49.444
50.698
51.571
52.074
52.415
52.691
52.937
53.167
52.713
51.738
50.135
48.326
45.691
-----------------------------
Trajectory #36
Input:
-3.6484
1.6496
0.31611
-0.082542
0.29693
0.514
0.84731
2.321
-1.9865
-1.9458
1.4308
0.808
2.2523
0.097332
-0.71131
2.1249
6.3012
0.40281
0.52334
0.779
4.4873
Output:
7.7806
9.9084
14.386
21.058
30.866
36.658
35.742
36.158
34.686
32.136
37.335
40.666
42.149
42.659
43.184
45.605
50.407
55.807
58.497
58.808
57.743
56.241
54.799
53.299
52.121
51.814
51.854
51.937
51.998
52.031
52.036
51.889
51.643
51.343
51.008
50.62
51.073
51.781
52.596
53.585
54.874
55.728
56.164
56.346
56.418
56.454
55.922
54.855
53.76
52.89
52.178
51.945
51.919
51.966
52.047
52.148
52.044
51.825
51.548
51.237
50.886
51.041
51.38
51.773
52.182
52.608
52.905
53.131
53.333
53.531
53.738
53.49
53.008
52.482
51.975
51.364
50.254
48.593
46.754
43.817
38.966
36.383
36.926
41.187
47.108
50.583
52.079
52.69
52.941
53.059
53.131
53.172
53.197
53.217
53.234
53.248
52.852
52.175
51.177
49.754
48.269
-----------------------------
Trajectory #38
Input:
-3.6157
2.4106
0.58915
-0.81605
-0.43159
1.189
1.7017
1.5687
-2.6581
-2.2628
0.80119
0.69197
1.4918
0.50227
-1.0359
2.1981
0.32851
0.46291
-0.012989
-0.041051
5.1848
Output:
7.7731
9.9625
14.993
21.706
32.281
36.257
35.418
35.539
33.369
32.912
36.249
38.311
40.311
42.567
47.105
54.411
59.615
61.057
61.051
60.156
58.934
57.461
55.21
52.92
51.625
51.063
50.936
50.981
51.04
51.059
51.037
51.073
51.132
51.192
51.248
51.3
51.802
52.514
53.416
54.623
55.998
56.8
57.133
57.226
57.217
57.169
56.719
55.792
54.621
53.615
52.832
52.496
52.386
52.354
52.348
52.355
52.275
52.151
52.008
51.85
51.682
51.716
51.847
52.017
52.201
52.393
52.65
52.95
53.279
53.64
54.052
53.826
53.26
52.635
52.047
51.349
51.305
51.534
51.859
52.223
52.61
52.794
52.866
52.9
52.922
52.944
53.035
53.168
53.317
53.475
53.637
53.749
53.834
53.91
53.983
54.053
53.495
52.604
51.225
49.286
46.996
-----------------------------
Trajectory #40
Input:
0.90932
5.6186
-3.3191
-4.3817
-1.0703
1.6523
-1.3875
-0.64239
-6.9723
-2.2536
0.88105
0.041956
-0.29872
-1.8382
-1.588
-1.8862
-4.9455
-2.5881
-1.0102
0.38005
-0.17621
Output:
6.364
17.525
15.947
13.065
13.89
14.88
15.589
17.673
20.428
23.355
26.807
29.271
32.062
35.902
40.281
44.255
47.481
49.694
51.339
52.846
53.7
53.645
53.216
52.724
52.198
51.616
51.84
52.424
53.079
53.741
54.513
54.895
54.94
54.825
54.663
54.509
55.421
57.038
58.561
59.363
59.948
59.94
59.581
59.108
58.544
57.765
56.772
55.466
54.048
52.951
52.275
52.397
52.878
53.385
53.794
54.104
54.294
54.421
54.525
54.62
54.715
54.976
55.38
55.919
56.603
57.412
57.974
58.248
58.346
58.356
58.321
58.36
58.492
58.676
58.878
59.082
59.659
60.485
61.271
61.885
62.314
62.3
62.081
61.802
61.488
61.112
60.728
60.307
59.8
59.152
58.331
57.421
56.572
55.894
55.372
54.923
54.732
54.691
54.714
54.772
54.854
-----------------------------
Trajectory #46
Input:
-0.53471
0.50256
0.333
-3.2295
-5.1085
1.514
-4.3486
0.84602
-0.94537
2.0915
3.8603
0.35157
-3.097
0.48256
-1.3401
1.7355
0.25356
2.5515
1.4036
2.4531
1.7709
Output:
10.351
20.708
23.414
31.322
35.174
35.407
34.706
33.739
31.255
31.608
30.533
30.622
34.267
46.536
57.998
61.578
61.562
61.361
61.591
61.265
60.061
58.997
58.649
58.044
55.935
51.607
49.513
50.212
52.26
54.498
56.36
56.938
56.805
56.192
54.829
53.143
52.549
52.672
53.018
53.447
53.948
53.796
53.246
52.612
52.022
51.36
50.731
50.054
49.241
48.372
47.546
48.032
49.215
50.381
51.313
52.106
52.866
53.703
54.751
55.962
57.144
57.399
56.903
55.802
54.48
53.418
53.197
53.405
53.774
54.246
54.84
54.702
54.096
53.432
52.822
52.274
52.243
52.448
52.747
53.091
53.457
53.387
53.081
52.699
52.249
51.712
51.722
51.933
52.199
52.479
52.763
52.758
52.607
52.398
52.159
51.895
51.906
52.026
52.177
52.339
52.503
-----------------------------
